<<< setup


<<< generate

CPXPARAM_TimeLimit                               3600
Found incumbent of value 1.2574732e+08 after 0.27 sec. (123.88 ticks)
Tried aggregator 2 times.
MIP Presolve eliminated 2082665 rows and 58284 columns.
MIP Presolve modified 774782 coefficients.
Aggregator did 387391 substitutions.
Reduced MIP has 777274 rows, 389897 columns, and 2329330 nonzeros.
Reduced MIP has 387391 binaries, 2506 generals, 0 SOSs, and 0 indicators.
Presolve time = 6.50 sec. (3417.50 ticks)
Probing time = 4.73 sec. (114.93 ticks)
Tried aggregator 1 time.
Reduced MIP has 777274 rows, 389897 columns, and 2329330 nonzeros.
Reduced MIP has 387391 binaries, 2506 generals, 0 SOSs, and 0 indicators.
Presolve time = 2.02 sec. (986.98 ticks)
Probing time = 6.51 sec. (114.93 ticks)
MIP emphasis: balance optimality and feasibility.
MIP search method: dynamic search.
Parallel mode: deterministic, using up to 12 threads.
Root relaxation solution time = 21.71 sec. (11353.79 ticks)

        Nodes                                         Cuts/
   Node  Left     Objective  IInf  Best Integer    Best Bound    ItCnt     Gap

*     0+    0                       1.25747e+08   223034.0000            99.82%
*     0+    0                       1.25716e+08   223034.0000            99.82%
*     0+    0                       1.25683e+08   223034.0000            99.82%
*     0+    0                       1.25651e+08   223034.0000            99.82%
*     0+    0                       1.25618e+08   223034.0000            99.82%
*     0+    0                       1.25586e+08   223034.0000            99.82%
*     0+    0                       1.25553e+08   223034.0000            99.82%
*     0+    0                       1.25520e+08   223034.0000            99.82%
*     0+    0                       1.25488e+08   223034.0000            99.82%
*     0     0      integral     0   223034.0000   223034.0000    24359    0.00%
Elapsed time = 67.00 sec. (18133.73 ticks, tree = 0.00 MB, solutions = 10)

Root node processing (before b&c):
  Real time             =   67.17 sec. (18222.30 ticks)
Parallel b&c, 12 threads:
  Real time             =    0.00 sec. (0.00 ticks)
  Sync time (average)   =    0.00 sec.
  Wait time (average)   =    0.00 sec.
                          ------------
Total (root+branch&cut) =   67.17 sec. (18222.30 ticks)

<<< solve


OBJECTIVE: 223034
x:  [[0 1 2 3 4 5 6 7 8 9 10 11 12 13 14 15 16 17 18 19 20 21 22 23 24 25 26 27
         28 29 30 31 32 33 34 35 36 37 38 39 40 41 42 43 44 45 46 47 48 49
         50 51 52 53 54 55 56 57 58 59 60 61 62 63 64 65 66 67 68 69 70 71
         72 73 74 75 76 77 78 79 80 81 82 83 84 85 86 87 88 89 90 91 92 93
         94 95 96 97 98 99 100 101 102 103 104 105 106 107 108 109 110 111
         112 113 114 115 116 117 118 119 120 121 122 123 124 125 126 127 128
         129 130 131 132 133 134 135 136 137 138 139 140 141 142 143 144 145
         146 147 148 149 150 151 152 153 154 155 156 157 158 159 160 161 162
         163 164 165 166 167 168 169 170 171 172 173 174 175 176 177 178]
         [0 1 2 3 4 5 6 7 8 9 10 11 12 13 14 15 16 17 18 19 20 21 22 23 24
         25 26 27 28 29 30 31 32 33 34 35 36 37 38 39 40 41 42 43 44 45 46
         47 48 49 50 51 52 53 54 55 56 57 58 59 60 61 62 63 64 65 66 67 68
         69 70 71 72 73 74 75 76 77 78 79 80 81 82 83 84 85 86 87 88 89 90
         91 92 93 94 95 96 97 98 99 100 101 102 103 104 105 106 107 108 109
         110 111 112 113 114 115 116 117 118 119 120 121 122 123 124 125 126
         127 128 129 130 131 132 133 134 135 136 137 138 139 140 141 142 143
         144 145 146 147 148 149 150 151 152 153 154 155 156 157 158 159 160
         161 162 163 164 165 166 167 168 169 170 171 172 173 174 175 176 177
         178]
         [0 1 2 3 4 5 6 7 8 9 10 11 12 13 14 15 16 17 18 19 20 21 22 23 24
         25 26 27 28 29 30 31 32 33 34 35 36 37 38 39 40 41 42 43 44 45 46
         47 48 49 50 51 52 53 54 55 56 57 58 59 60 61 62 63 64 65 66 67 68
         69 70 71 72 73 74 75 76 77 78 79 80 81 82 83 84 85 86 87 88 89 90
         91 92 93 94 95 96 97 98 99 100 101 102 103 104 105 106 107 108 109
         110 111 112 113 114 115 116 117 118 119 120 121 122 123 124 125 126
         127 128 129 130 131 132 133 134 135 136 137 138 139 140 141 142 143
         144 145 146 147 148 149 150 151 152 153 154 155 156 157 158 159 160
         161 162 163 164 165 166 167 168 169 170 171 172 173 174 175 176 177
         178]
         [0 1 2 3 4 5 6 7 8 9 10 11 12 13 14 15 16 17 18 19 20 21 22 23 24
         25 26 27 28 29 30 31 32 33 34 35 36 37 38 39 40 41 42 43 44 45 46
         47 48 49 50 51 52 53 54 55 56 57 58 59 60 61 62 63 64 65 66 67 68
         69 70 71 72 73 74 75 76 77 78 79 80 81 82 83 84 85 86 87 88 89 90
         91 92 93 94 95 96 97 98 99 100 101 102 103 104 105 106 107 108 109
         110 111 112 113 114 115 116 117 118 119 120 121 122 123 124 125 126
         127 128 129 130 131 132 133 134 135 136 137 138 139 140 141 142 143
         144 145 146 147 148 149 150 151 152 153 154 155 156 157 158 159 160
         161 162 163 164 165 166 167 168 169 170 171 172 173 174 175 176 177
         178]
         [0 1 2 3 4 5 6 7 8 9 10 11 12 13 14 15 16 17 18 19 20 21 22 23 24
         25 26 27 28 29 30 31 32 33 34 35 36 37 38 39 40 41 42 43 44 45 46
         47 48 49 50 51 52 53 54 55 56 57 58 59 60 61 62 63 64 65 66 67 68
         69 70 71 72 73 74 75 76 77 78 79 80 81 82 83 84 85 86 87 88 89 90
         91 92 93 94 95 96 97 98 99 100 101 102 103 104 105 106 107 108 109
         110 111 112 113 114 115 116 117 118 119 120 121 122 123 124 125 126
         127 128 129 130 131 132 133 134 135 136 137 138 139 140 141 142 143
         144 145 146 147 148 149 150 151 152 153 154 155 156 157 158 159 160
         161 162 163 164 165 166 167 168 169 170 171 172 173 174 175 176 177
         178]
         [0 1 2 3 4 5 6 7 8 9 10 11 12 13 14 15 16 17 18 19 20 21 22 23 24
         25 26 27 28 29 30 31 32 33 34 35 36 37 38 39 40 41 42 43 44 45 46
         47 48 49 50 51 52 53 54 55 56 57 58 59 60 61 62 63 64 65 66 67 68
         69 70 71 72 73 74 75 76 77 78 79 80 81 82 83 84 85 86 87 88 89 90
         91 92 93 94 95 96 97 98 99 100 101 102 103 104 105 106 107 108 109
         110 111 112 113 114 115 116 117 118 119 120 121 122 123 124 125 126
         127 128 129 130 131 132 133 134 135 136 137 138 139 140 141 142 143
         144 145 146 147 148 149 150 151 152 153 154 155 156 157 158 159 160
         161 162 163 164 165 166 167 168 169 170 171 172 173 174 175 176 177
         178]
         [0 1 2 3 4 5 6 7 8 9 10 11 12 13 14 15 16 17 18 19 20 21 22 23 24
         25 26 27 28 29 30 31 32 33 34 35 36 37 38 39 40 41 42 43 44 45 46
         47 48 49 50 51 52 53 54 55 56 57 58 59 60 61 62 63 64 65 66 67 68
         69 70 71 72 73 74 75 76 77 78 79 80 81 82 83 84 85 86 87 88 89 90
         91 92 93 94 95 96 97 98 99 100 101 102 103 104 105 106 107 108 109
         110 111 112 113 114 115 116 117 118 119 120 121 122 123 124 125 126
         127 128 129 130 131 132 133 134 135 136 137 138 139 140 141 142 143
         144 145 146 147 148 149 150 151 152 153 154 155 156 157 158 159 160
         161 162 163 164 165 166 167 168 169 170 171 172 173 174 175 176 177
         178]
         [0 1 2 3 4 5 6 7 8 9 10 11 12 13 14 15 16 17 18 19 20 21 22 23 24
         25 26 27 28 29 30 31 32 33 34 35 36 37 38 39 40 41 42 43 44 45 46
         47 48 49 50 51 52 53 54 55 56 57 58 59 60 61 62 63 64 65 66 67 68
         69 70 71 72 73 74 75 76 77 78 79 80 81 82 83 84 85 86 87 88 89 90
         91 92 93 94 95 96 97 98 99 100 101 102 103 104 105 106 107 108 109
         110 111 112 113 114 115 116 117 118 119 120 121 122 123 124 125 126
         127 128 129 130 131 132 133 134 135 136 137 138 139 140 141 142 143
         144 145 146 147 148 149 150 151 152 153 154 155 156 157 158 159 160
         161 162 163 164 165 166 167 168 169 170 171 172 173 174 175 176 177
         178]
         [0 1 2 3 4 5 6 7 8 9 10 11 12 13 14 15 16 17 18 19 20 21 22 23 24
         25 26 27 28 29 30 31 32 33 34 35 36 37 38 39 40 41 42 43 44 45 46
         47 48 49 50 51 52 53 54 55 56 57 58 59 60 61 62 63 64 65 66 67 68
         69 70 71 72 73 74 75 76 77 78 79 80 81 82 83 84 85 86 87 88 89 90
         91 92 93 94 95 96 97 98 99 100 101 102 103 104 105 106 107 108 109
         110 111 112 113 114 115 116 117 118 119 120 121 122 123 124 125 126
         127 128 129 130 131 132 133 134 135 136 137 138 139 140 141 142 143
         144 145 146 147 148 149 150 151 152 153 154 155 156 157 158 159 160
         161 162 163 164 165 166 167 168 169 170 171 172 173 174 175 176 177
         178]
         [0 1 2 3 4 5 6 7 8 9 10 11 12 13 14 15 16 17 18 19 20 21 22 23 24
         25 26 27 28 29 30 31 32 33 34 35 36 37 38 39 40 41 42 43 44 45 46
         47 48 49 50 51 52 53 54 55 56 57 58 59 60 61 62 63 64 65 66 67 68
         69 70 71 72 73 74 75 76 77 78 79 80 81 82 83 84 85 86 87 88 89 90
         91 92 93 94 95 96 97 98 99 100 101 102 103 104 105 106 107 108 109
         110 111 112 113 114 115 116 117 118 119 120 121 122 123 124 125 126
         127 128 129 130 131 132 133 134 135 136 137 138 139 140 141 142 143
         144 145 146 147 148 149 150 151 152 153 154 155 156 157 158 159 160
         161 162 163 164 165 166 167 168 169 170 171 172 173 174 175 176 177
         178]
         [0 1 2 3 4 5 6 7 8 9 10 11 12 13 14 15 16 17 18 19 20 21 22 23 24
         25 26 27 28 29 30 31 32 33 34 35 36 37 38 39 40 41 42 43 44 45 46
         47 48 49 50 51 52 53 54 55 56 57 58 59 60 61 62 63 64 65 66 67 68
         69 70 71 72 73 74 75 76 77 78 79 80 81 82 83 84 85 86 87 88 89 90
         91 92 93 94 95 96 97 98 99 100 101 102 103 104 105 106 107 108 109
         110 111 112 113 114 115 116 117 118 119 120 121 122 123 124 125 126
         127 128 129 130 131 132 133 134 135 136 137 138 139 140 141 142 143
         144 145 146 147 148 149 150 151 152 153 154 155 156 157 158 159 160
         161 162 163 164 165 166 167 168 169 170 171 172 173 174 175 176 177
         178]
         [0 1 2 3 4 5 6 7 8 9 10 11 12 13 14 15 16 17 18 19 20 21 22 23 24
         25 26 27 28 29 30 31 32 33 34 35 36 37 38 39 40 41 42 43 44 45 46
         47 48 49 50 51 52 53 54 55 56 57 58 59 60 61 62 63 64 65 66 67 68
         69 70 71 72 73 74 75 76 77 78 79 80 81 82 83 84 85 86 87 88 89 90
         91 92 93 94 95 96 97 98 99 100 101 102 103 104 105 106 107 108 109
         110 111 112 113 114 115 116 117 118 119 120 121 122 123 124 125 126
         127 128 129 130 131 132 133 134 135 136 137 138 139 140 141 142 143
         144 145 146 147 148 149 150 151 152 153 154 155 156 157 158 159 160
         161 162 163 164 165 166 167 168 169 170 171 172 173 174 175 176 177
         178]
         [0 1 2 3 4 5 6 7 8 9 10 11 12 13 14 15 16 17 18 19 20 21 22 23 24
         25 26 27 28 29 30 31 32 33 34 35 36 37 38 39 40 41 42 43 44 45 46
         47 48 49 50 51 52 53 54 55 56 57 58 59 60 61 62 63 64 65 66 67 68
         69 70 71 72 73 74 75 76 77 78 79 80 81 82 83 84 85 86 87 88 89 90
         91 92 93 94 95 96 97 98 99 100 101 102 103 104 105 106 107 108 109
         110 111 112 113 114 115 116 117 118 119 120 121 122 123 124 125 126
         127 128 129 130 131 132 133 134 135 136 137 138 139 140 141 142 143
         144 145 146 147 148 149 150 151 152 153 154 155 156 157 158 159 160
         161 162 163 164 165 166 167 168 169 170 171 172 173 174 175 176 177
         178]
         [0 1 2 3 4 5 6 7 8 9 10 11 12 13 14 15 16 17 18 19 20 21 22 23 24
         25 26 27 28 29 30 31 32 33 34 35 36 37 38 39 40 41 42 43 44 45 46
         47 48 49 50 51 52 53 54 55 56 57 58 59 60 61 62 63 64 65 66 67 68
         69 70 71 72 73 74 75 76 77 78 79 80 81 82 83 84 85 86 87 88 89 90
         91 92 93 94 95 96 97 98 99 100 101 102 103 104 105 106 107 108 109
         110 111 112 113 114 115 116 117 118 119 120 121 122 123 124 125 126
         127 128 129 130 131 132 133 134 135 136 137 138 139 140 141 142 143
         144 145 146 147 148 149 150 151 152 153 154 155 156 157 158 159 160
         161 162 163 164 165 166 167 168 169 170 171 172 173 174 175 176 177
         178]]

<<< post process


<<< done

